%YAML:1.0
calibration_time: "11/20/13 17:29:44"
image_width: 640
image_height: 480
board_width: 9
board_height: 6
square_size: 2.6000000536441803e-002
flags: 0
camera_matrix: !!opencv-matrix
   rows: 3
   cols: 3
   dt: d
   data: [ 6.1194954152957087e+002, 0., 3.3725160948628036e+002, 0.,
       6.1154088004683797e+002, 2.8439537029966493e+002, 0., 0., 1. ]
distortion_coefficients: !!opencv-matrix
   rows: 5
   cols: 1
   dt: d
   data: [ 3.3563532982070564e-002, -2.1309479542699558e-001,
       -4.2345944541246423e-004, 2.3505029689347666e-003,
       1.7580442382831951e-001 ]
avg_reprojection_error: 2.3361843077572383e-001
image_points: !!opencv-matrix
   rows: 10
   cols: 54
   dt: "2f"
   data: [ 5.20581665e+002, 3.19775513e+002, 4.77572205e+002,
       3.12963562e+002, 4.35473999e+002, 3.06245331e+002,
       3.93797638e+002, 2.99681305e+002, 3.53227631e+002,
       2.93178009e+002, 3.13453278e+002, 2.86878540e+002,
       2.74098145e+002, 2.80596069e+002, 2.35740372e+002,
       2.74535889e+002, 1.98107468e+002, 2.68481049e+002,
       5.26342163e+002, 2.78107391e+002, 4.83513672e+002,
       2.71718445e+002, 4.41675781e+002, 2.65568176e+002,
       4.00316864e+002, 2.59358887e+002, 3.59944977e+002,
       2.53277298e+002, 3.20399170e+002, 2.47411667e+002,
       2.81268890e+002, 2.41550110e+002, 2.43054382e+002,
       2.35809265e+002, 2.05555740e+002, 2.30238708e+002,
       5.32016235e+002, 2.37042099e+002, 4.89495728e+002,
       2.31112534e+002, 4.47843445e+002, 2.25304001e+002,
       4.06812103e+002, 2.19567352e+002, 3.66662903e+002,
       2.13983139e+002, 3.27207031e+002, 2.08362793e+002,
       2.88306946e+002, 2.02892090e+002, 2.50420746e+002,
       1.97579163e+002, 2.12984207e+002, 1.92266388e+002,
       5.37731079e+002, 1.96118546e+002, 4.95475311e+002,
       1.90801315e+002, 4.53977478e+002, 1.85443756e+002,
       4.13210022e+002, 1.80062683e+002, 3.73172913e+002,
       1.74880356e+002, 3.34019501e+002, 1.69739990e+002,
       2.95363251e+002, 1.64707779e+002, 2.57355835e+002,
       1.59565643e+002, 2.20407867e+002, 1.54819687e+002,
       5.43169800e+002, 1.56402206e+002, 5.01300507e+002,
       1.51377655e+002, 4.60037048e+002, 1.46348251e+002,
       4.19353638e+002, 1.41354065e+002, 3.79762421e+002,
       1.36422409e+002, 3.40620453e+002, 1.31861786e+002,
       3.02106995e+002, 1.27035332e+002, 2.64561890e+002,
       1.22509193e+002, 2.27682434e+002, 1.18023422e+002,
       5.48448059e+002, 1.17318336e+002, 5.06907257e+002,
       1.12462128e+002, 4.65883453e+002, 1.07768929e+002,
       4.25568604e+002, 1.03258881e+002, 3.86011261e+002,
       9.88211517e+001, 3.47294586e+002, 9.42689285e+001,
       3.08788239e+002, 8.99588242e+001, 2.71494720e+002,
       8.56964417e+001, 2.34758621e+002, 8.16009827e+001,
       5.07195007e+002, 3.12207001e+002, 4.64387848e+002,
       3.05501190e+002, 4.22323578e+002, 2.98780304e+002,
       3.80820129e+002, 2.92288055e+002, 3.40239960e+002,
       2.85780640e+002, 3.00325775e+002, 2.79440063e+002,
       2.60559845e+002, 2.73303223e+002, 2.21885056e+002,
       2.67179382e+002, 1.83777115e+002, 2.60972473e+002,
       5.12899475e+002, 2.70714447e+002, 4.70473022e+002,
       2.64361511e+002, 4.28747375e+002, 2.58164032e+002,
       3.87437653e+002, 2.51958237e+002, 3.47044739e+002,
       2.46021973e+002, 3.07326324e+002, 2.39967636e+002,
       2.67911102e+002, 2.34012131e+002, 2.29429840e+002,
       2.28249359e+002, 1.91619171e+002, 2.22555832e+002,
       5.18992188e+002, 2.29675797e+002, 4.76697449e+002,
       2.23825714e+002, 4.35166962e+002, 2.18070862e+002,
       3.94108917e+002, 2.12144974e+002, 3.53952545e+002,
       2.06456085e+002, 3.14326935e+002, 2.00922195e+002,
       2.75242523e+002, 1.95289154e+002, 2.37025116e+002,
       1.89799835e+002, 1.99285782e+002, 1.84363037e+002,
       5.24955811e+002, 1.89013214e+002, 4.82778687e+002,
       1.83561615e+002, 4.41557037e+002, 1.78093826e+002,
       4.00575562e+002, 1.72569046e+002, 3.60708069e+002,
       1.67280823e+002, 3.21365784e+002, 1.62223923e+002,
       2.82450104e+002, 1.56900330e+002, 2.44233459e+002,
       1.51569794e+002, 2.06844147e+002, 1.46606384e+002,
       5.30582703e+002, 1.49438721e+002, 4.88881073e+002,
       1.44201706e+002, 4.47870300e+002, 1.39092270e+002,
       4.07058380e+002, 1.34041000e+002, 3.67395782e+002,
       1.28976852e+002, 3.28248901e+002, 1.24000679e+002,
       2.89385437e+002, 1.19141724e+002, 2.51638199e+002,
       1.14262550e+002, 2.14444565e+002, 1.09643806e+002,
       5.36104736e+002, 1.10455666e+002, 4.94726166e+002,
       1.05457169e+002, 4.53970154e+002, 1.00545059e+002,
       4.13597992e+002, 9.57558746e+001, 3.73917053e+002,
       9.11597519e+001, 3.35056610e+002, 8.65045319e+001,
       2.96413696e+002, 8.19452972e+001, 2.58763733e+002,
       7.75211029e+001, 2.21733078e+002, 7.31283417e+001,
       4.78429382e+002, 2.70857208e+002, 4.35521088e+002,
       2.64761780e+002, 3.93358887e+002, 2.58665344e+002,
       3.51435974e+002, 2.52695358e+002, 3.10351959e+002,
       2.46668945e+002, 2.69577789e+002, 2.40785965e+002,
       2.29113541e+002, 2.34812256e+002, 1.89379684e+002,
       2.29101517e+002, 1.50010910e+002, 2.23442413e+002,
       4.84164856e+002, 2.29132828e+002, 4.41570007e+002,
       2.23293533e+002, 3.99490479e+002, 2.17562454e+002,
       3.57803040e+002, 2.11739456e+002, 3.16760559e+002,
       2.06041718e+002, 2.76292053e+002, 2.00514679e+002,
       2.35781265e+002, 1.94848251e+002, 1.96273712e+002,
       1.89171356e+002, 1.57187485e+002, 1.83914459e+002,
       4.90072937e+002, 1.87713440e+002, 4.47553680e+002,
       1.82142822e+002, 4.05713837e+002, 1.76674622e+002,
       3.64108887e+002, 1.71173065e+002, 3.23285461e+002,
       1.65803558e+002, 2.82832031e+002, 1.60321564e+002,
       2.42670120e+002, 1.54973587e+002, 2.03304474e+002,
       1.49846619e+002, 1.64309204e+002, 1.44477173e+002,
       4.95907990e+002, 1.46383820e+002, 4.53615997e+002,
       1.41210052e+002, 4.11872009e+002, 1.36019135e+002,
       3.70439087e+002, 1.30792633e+002, 3.29695129e+002,
       1.25561172e+002, 2.89377747e+002, 1.20521294e+002,
       2.49329987e+002, 1.15492424e+002, 2.09917191e+002,
       1.10308685e+002, 1.71294296e+002, 1.05504677e+002,
       5.01583527e+002, 1.06158089e+002, 4.59431091e+002,
       1.01072510e+002, 4.17929413e+002, 9.61405945e+001,
       3.76712891e+002, 9.10815506e+001, 3.36071777e+002,
       8.61721268e+001, 2.95912994e+002, 8.13133850e+001,
       2.56071198e+002, 7.64869614e+001, 2.16979416e+002,
       7.17507095e+001, 1.78370285e+002, 6.71807022e+001,
       5.06932343e+002, 6.63142624e+001, 4.65250183e+002,
       6.12499504e+001, 4.23837860e+002, 5.65081367e+001,
       3.82821106e+002, 5.17538948e+001, 3.42353943e+002,
       4.71355057e+001, 3.02410278e+002, 4.24331818e+001,
       2.62678009e+002, 3.78861160e+001, 2.23706924e+002,
       3.35033455e+001, 1.85402710e+002, 2.93069439e+001,
       4.51008240e+002, 3.01594971e+002, 4.08623871e+002,
       2.97396484e+002, 3.66605164e+002, 2.93132263e+002,
       3.25202209e+002, 2.88831085e+002, 2.84072418e+002,
       2.84652161e+002, 2.43451202e+002, 2.80546112e+002,
       2.02870483e+002, 2.76465851e+002, 1.62967072e+002,
       2.72391022e+002, 1.23432724e+002, 2.68333496e+002,
       4.54551483e+002, 2.60132843e+002, 4.12560333e+002,
       2.55923370e+002, 3.71020172e+002, 2.52044754e+002,
       3.29709259e+002, 2.47957687e+002, 2.88991486e+002,
       2.44065521e+002, 2.48567535e+002, 2.40129440e+002,
       2.08378052e+002, 2.36320251e+002, 1.68706329e+002,
       2.32479126e+002, 1.29563416e+002, 2.28573944e+002,
       4.58344666e+002, 2.19072632e+002, 4.16537354e+002,
       2.15356781e+002, 3.75344879e+002, 2.11508057e+002,
       3.34248779e+002, 2.07727890e+002, 2.93828156e+002,
